Simulation started at: 2015-02-07 16:27:08
Input file: sampleData.txt
Policy: Random Policy
Lines Evaluations Clicks CTR 
500 8 8 1.0
1000 20 17 0.85
1500 30 20 0.666666666667
2000 42 27 0.642857142857
2500 52 31 0.596153846154
3000 60 36 0.6
3500 68 44 0.647058823529
4000 79 47 0.594936708861
4500 91 53 0.582417582418
5000 103 58 0.563106796117
5500 114 64 0.561403508772
6000 125 72 0.576
6500 133 73 0.548872180451
7000 143 80 0.559440559441
7500 150 83 0.553333333333
8000 154 87 0.564935064935
Simulation started at: 2015-02-07 16:27:10
Input file: sampleData.txt
Policy: Random Policy
Lines Evaluations Clicks CTR 
500 5 2 0.4
1000 19 9 0.473684210526
1500 29 14 0.48275862069
2000 36 19 0.527777777778
2500 41 21 0.512195121951
3000 50 28 0.56
3500 57 31 0.543859649123
4000 73 37 0.506849315068
4500 80 42 0.525
5000 92 46 0.5
5500 108 55 0.509259259259
6000 123 63 0.512195121951
6500 136 67 0.492647058824
7000 151 74 0.490066225166
7500 162 77 0.475308641975
Simulation started at: 2015-02-13 12:39:33
Input file: sampleData.txt
Policy: Softmax
Lines Evaluations Clicks CTR 
500 13 1 0.0769230769231
1000 24 1 0.0416666666667
1500 33 1 0.030303030303
2000 41 2 0.0487804878049
2500 55 3 0.0545454545455
3000 67 3 0.044776119403
3500 81 4 0.0493827160494
4000 90 4 0.0444444444444
4500 99 5 0.0505050505051
5000 108 6 0.0555555555556
5500 114 6 0.0526315789474
6000 124 6 0.0483870967742
6500 136 9 0.0661764705882
7000 143 10 0.0699300699301
7500 151 10 0.0662251655629
8000 162 11 0.0679012345679
8500 172 11 0.0639534883721
9000 177 11 0.0621468926554
9500 186 11 0.0591397849462
10000 195 11 0.0564102564103
10500 206 12 0.0582524271845
11000 216 13 0.0601851851852
11500 225 13 0.0577777777778
12000 234 13 0.0555555555556
12500 241 13 0.0539419087137
13000 252 13 0.0515873015873
13500 262 13 0.0496183206107
14000 273 13 0.047619047619
14500 284 14 0.0492957746479
15000 295 14 0.0474576271186
15500 303 14 0.046204620462
16000 314 14 0.0445859872611
16500 322 14 0.0434782608696
17000 330 14 0.0424242424242
17500 338 14 0.0414201183432
18000 343 15 0.0437317784257
18500 351 15 0.042735042735
19000 359 16 0.0445682451253
19500 373 17 0.0455764075067
20000 388 17 0.0438144329897
20500 406 19 0.0467980295567
21000 413 19 0.046004842615
21500 422 19 0.0450236966825
22000 433 19 0.0438799076212
22500 443 20 0.0451467268623
23000 453 21 0.046357615894
23500 459 21 0.0457516339869
24000 470 23 0.0489361702128
24500 481 23 0.047817047817
25000 495 24 0.0484848484848
25500 506 25 0.0494071146245
26000 516 27 0.0523255813953
26500 527 27 0.0512333965844
27000 539 27 0.0500927643785
27500 550 28 0.0509090909091
28000 557 28 0.0502692998205
28500 564 28 0.0496453900709
29000 571 29 0.0507880910683
29500 576 29 0.0503472222222
30000 588 30 0.0510204081633
30500 598 30 0.0501672240803
31000 608 30 0.0493421052632
31500 616 30 0.0487012987013
32000 625 31 0.0496
32500 635 31 0.0488188976378
33000 644 31 0.0481366459627
33500 655 33 0.0503816793893
34000 659 33 0.0500758725341
34500 662 33 0.0498489425982
35000 674 33 0.0489614243323
35500 679 33 0.0486008836524
36000 682 33 0.0483870967742
36500 686 33 0.0481049562682
37000 695 34 0.0489208633094
37500 709 36 0.0507757404795
38000 721 37 0.0513176144244
38500 731 38 0.0519835841313
39000 748 38 0.0508021390374
39500 755 38 0.0503311258278
40000 762 39 0.0511811023622
40500 772 39 0.050518134715
41000 785 41 0.0522292993631
41500 789 41 0.0519645120406
42000 800 41 0.05125
42500 811 41 0.0505548705302
43000 819 41 0.0500610500611
43500 830 43 0.0518072289157
44000 844 43 0.0509478672986
44500 858 43 0.0501165501166
45000 874 44 0.0503432494279
45500 881 44 0.049943246311
46000 890 44 0.0494382022472
46500 907 45 0.0496141124587
47000 917 45 0.0490730643402
47500 927 46 0.049622437972
48000 937 46 0.0490928495197
48500 951 46 0.0483701366982
49000 958 46 0.0480167014614
49500 963 46 0.0477673935618
50000 974 46 0.047227926078
50500 983 46 0.0467955239064
51000 990 46 0.0464646464646
51500 1006 48 0.0477137176938
52000 1019 48 0.0471050049068
52500 1026 48 0.046783625731
53000 1038 49 0.0472061657033
53500 1046 50 0.0478011472275
54000 1054 51 0.0483870967742
54500 1063 51 0.0479774223895
55000 1073 51 0.0475302889096
55500 1082 51 0.047134935305
56000 1091 51 0.0467461044913
56500 1101 52 0.047229791099
57000 1110 53 0.0477477477477
57500 1118 53 0.0474060822898
58000 1131 54 0.0477453580902
58500 1142 55 0.0481611208406
59000 1154 57 0.0493934142114
59500 1162 57 0.0490533562823
60000 1177 57 0.0484282073067
60500 1190 57 0.0478991596639
61000 1198 57 0.0475792988314
61500 1207 58 0.0480530240265
62000 1214 60 0.0494233937397
62500 1226 61 0.0497553017945
63000 1235 62 0.0502024291498
63500 1242 62 0.0499194847021
64000 1257 63 0.0501193317422
64500 1269 63 0.0496453900709
65000 1279 65 0.0508209538702
65500 1294 65 0.0502318392581
66000 1311 66 0.0503432494279
66500 1322 66 0.0499243570348
67000 1334 66 0.0494752623688
67500 1342 66 0.0491803278689
68000 1345 66 0.0490706319703
68500 1349 66 0.0489251297257
69000 1359 67 0.0493009565857
69500 1370 68 0.0496350364964
70000 1376 68 0.0494186046512
70500 1385 68 0.0490974729242
Simulation started at: 2015-02-13 12:40:08
Input file: sampleData.txt
Policy: Softmax
Lines Evaluations Clicks CTR 
500 9 0 0.0
1000 19 3 0.157894736842
1500 29 3 0.103448275862
2000 38 4 0.105263157895
2500 46 5 0.108695652174
3000 56 7 0.125
3500 66 7 0.106060606061
4000 78 8 0.102564102564
4500 86 9 0.104651162791
5000 99 10 0.10101010101
5500 114 10 0.0877192982456
6000 124 10 0.0806451612903
6500 133 10 0.0751879699248
7000 141 11 0.0780141843972
7500 152 11 0.0723684210526
8000 165 11 0.0666666666667
8500 176 11 0.0625
9000 184 11 0.0597826086957
9500 193 11 0.0569948186528
10000 200 11 0.055
10500 210 12 0.0571428571429
11000 224 12 0.0535714285714
11500 230 12 0.0521739130435
12000 240 12 0.05
12500 246 12 0.0487804878049
13000 250 12 0.048
13500 263 13 0.0494296577947
14000 269 13 0.0483271375465
Simulation started at: 2015-02-13 12:40:28
Input file: sampleData.txt
Policy: Softmax
Lines Evaluations Clicks CTR 
5000 102 3 0.0294117647059
10000 199 5 0.0251256281407
15000 314 8 0.0254777070064
20000 413 14 0.0338983050847
25000 502 15 0.0298804780876
30000 598 21 0.0351170568562
35000 716 28 0.0391061452514
40000 821 32 0.0389768574909
45000 925 37 0.04
50000 1010 44 0.0435643564356
55000 1103 49 0.0444242973708
60000 1219 55 0.045118949959
65000 1307 56 0.0428462127008
70000 1424 63 0.0442415730337
75000 1508 75 0.0497347480106
80000 1610 82 0.0509316770186
85000 1708 93 0.0544496487119
90000 1808 101 0.0558628318584
95000 1903 106 0.0557015239096
100000 2004 111 0.0553892215569
105000 2111 115 0.0544765513974
110000 2201 118 0.0536119945479
115000 2276 122 0.0536028119508
120000 2366 123 0.0519864750634
125000 2488 130 0.0522508038585
130000 2569 135 0.0525496302063
135000 2669 139 0.0520794304983
140000 2771 144 0.0519667989895
145000 2867 147 0.0512731077782
150000 2975 152 0.0510924369748
155000 3072 155 0.0504557291667
160000 3168 161 0.0508207070707
165000 3273 165 0.0504124656279
170000 3372 168 0.0498220640569
175000 3471 171 0.0492653414002
180000 3566 178 0.0499158721256
185000 3678 182 0.0494834148994
190000 3768 186 0.0493630573248
195000 3857 193 0.0500388903293
200000 3966 200 0.0504286434695
205000 4075 205 0.0503067484663
210000 4174 207 0.0495927168184
215000 4286 215 0.0501633224452
220000 4382 219 0.0499771793702
225000 4463 223 0.0499663903204
230000 4554 230 0.0505050505051
235000 4664 232 0.0497427101201
240000 4757 238 0.0500315324785
245000 4849 245 0.0505258816251
250000 4950 247 0.049898989899
255000 5034 250 0.0496622963846
260000 5132 254 0.0494933749026
265000 5236 259 0.0494652406417
270000 5338 261 0.0488947171225
275000 5435 264 0.0485740570377
280000 5547 270 0.0486749594375
285000 5646 277 0.0490612823238
290000 5746 284 0.0494256874347
295000 5837 291 0.0498543772486
300000 5919 297 0.0501773948302
305000 6012 307 0.0510645375915
310000 6092 318 0.0521996060407
315000 6169 325 0.0526827686821
320000 6274 326 0.0519604717883
325000 6358 329 0.0517458320226
330000 6470 334 0.0516228748068
335000 6576 337 0.0512469586375
340000 6662 339 0.050885619934
345000 6771 347 0.0512479692808
350000 6870 349 0.0508005822416
355000 6983 356 0.0509809537448
360000 7072 361 0.0510463800905
365000 7170 368 0.0513249651325
370000 7277 370 0.050845128487
375000 7376 375 0.0508405639913
380000 7474 380 0.0508429221301
385000 7556 382 0.0505558496559
390000 7652 387 0.0505750130685
395000 7747 391 0.0504711501226
400000 7851 393 0.0500573175392
405000 7948 398 0.0500754906895
410000 8043 407 0.0506030088276
415000 8138 414 0.0508724502335
420000 8250 421 0.0510303030303
425000 8349 425 0.0509042999162
430000 8455 427 0.0505026611473
435000 8555 431 0.0503798947984
440000 8649 436 0.0504104520754
445000 8753 444 0.0507254655547
450000 8872 450 0.0507213706041
455000 8965 453 0.0505298382599
460000 9063 459 0.0506454816286
465000 9158 462 0.0504476960035
470000 9269 466 0.0502751105837
475000 9382 471 0.0502025154551
480000 9465 477 0.0503961965135
485000 9562 484 0.0506170257268
490000 9683 492 0.0508106991635
495000 9761 494 0.0506095686917
500000 9843 500 0.050797521081
505000 9959 506 0.0508083140878
510000 10069 510 0.0506505114709
515000 10158 514 0.0506005119118
520000 10260 517 0.0503898635478
525000 10379 520 0.0501011658156
530000 10485 522 0.0497854077253
535000 10585 523 0.0494095418044
540000 10696 528 0.0493642483171
545000 10804 535 0.049518696779
550000 10909 538 0.0493170776423
555000 11005 540 0.0490686051795
560000 11122 543 0.0488221542888
565000 11230 548 0.0487978628673
570000 11323 549 0.0484853837322
575000 11426 552 0.0483108699457
580000 11526 556 0.0482387645324
585000 11624 561 0.0482622161046
590000 11725 563 0.0480170575693
595000 11816 569 0.0481550440081
600000 11899 571 0.0479872258173
605000 11998 578 0.0481746957826
610000 12100 578 0.0477685950413
615000 12200 582 0.0477049180328
620000 12279 585 0.0476423161495
625000 12383 588 0.0474844544941
630000 12486 591 0.0473330129745
635000 12591 596 0.0473353983004
640000 12692 600 0.047273873306
645000 12783 606 0.0474067120394
650000 12890 613 0.0475562451513
655000 12982 616 0.0474503158219
660000 13064 623 0.0476883037355
665000 13157 627 0.0476552405564
670000 13262 629 0.0474287437792
675000 13347 632 0.0473514647486
680000 13446 639 0.0475234270415
685000 13555 647 0.0477314644043
690000 13650 650 0.047619047619
695000 13755 656 0.0476917484551
700000 13855 663 0.0478527607362
705000 13969 667 0.0477485861551
710000 14074 672 0.0477476197243
715000 14170 675 0.0476358503881
720000 14276 682 0.04777248529
725000 14372 684 0.047592541052
730000 14488 689 0.0475565985643
735000 14591 695 0.0476321019807
740000 14698 699 0.0475574908151
745000 14792 708 0.0478637101136
750000 14886 711 0.0477629987908
755000 14981 712 0.0475268673653
760000 15085 716 0.0474643685781
765000 15192 722 0.0475250131648
770000 15305 725 0.047370140477
775000 15397 731 0.0474767811911
780000 15506 739 0.047658970721
785000 15609 746 0.0477929399705
790000 15690 754 0.0480560866794
795000 15789 761 0.04819811261
800000 15874 767 0.0483180042837
805000 15956 768 0.048132364001
810000 16049 772 0.0481026855256
815000 16149 777 0.0481144343303
820000 16263 781 0.0480231199656
825000 16361 788 0.0481633152008
830000 16461 799 0.0485389709009
835000 16562 803 0.0484844825504
840000 16663 807 0.048430654744
845000 16750 809 0.0482985074627
850000 16849 818 0.0485488753042
855000 16947 824 0.0486221750162
860000 17046 827 0.0485157808283
865000 17159 833 0.0485459525613
870000 17262 842 0.0487776619163
875000 17374 845 0.0486358927132
880000 17473 854 0.048875407772
885000 17574 859 0.0488790258336
890000 17678 864 0.0488743070483
895000 17776 869 0.0488861386139
900000 17871 875 0.0489620054837
905000 17978 879 0.0488930915563
910000 18099 883 0.0487872258136
915000 18209 891 0.0489318468889
920000 18317 892 0.0486979308839
925000 18405 896 0.0486824232546
930000 18517 898 0.0484959766701
935000 18619 904 0.0485525538428
940000 18731 910 0.0485825636645
945000 18844 914 0.0485035024411
950000 18958 920 0.0485283257728
955000 19079 925 0.0484826248755
960000 19184 930 0.0484778982485
965000 19276 937 0.048609670056
970000 19359 942 0.0486595381993
975000 19456 948 0.0487253289474
980000 19561 953 0.0487193906242
985000 19668 960 0.0488102501525
990000 19768 964 0.0487656819102
995000 19870 966 0.0486160040262
1000000 19975 969 0.0485106382979
1005000 20063 973 0.0484972337138
1010000 20151 980 0.0486328221924
1015000 20256 986 0.0486769352291
1020000 20363 993 0.0487649167608
1025000 20469 999 0.0488055107724
1030000 20564 1002 0.0487259288076
1035000 20659 1008 0.0487922939155
1040000 20767 1012 0.0487311600135
1045000 20866 1017 0.0487395763443
1050000 20974 1026 0.048917707638
1055000 21074 1030 0.0488753914777
1060000 21169 1036 0.0489394869857
1065000 21276 1040 0.0488813686783
1070000 21367 1045 0.0489071933355
1075000 21447 1050 0.0489578962093
1080000 21533 1054 0.048948126132
1085000 21630 1059 0.048959778086
1090000 21731 1063 0.0489162946942
1095000 21828 1065 0.0487905442551
1100000 21947 1067 0.0486171230692
1105000 22032 1070 0.0485657225853
1110000 22144 1076 0.0485910404624
1115000 22249 1084 0.0487212908445
1120000 22354 1086 0.048581909278
1125000 22477 1095 0.0487164657205
1130000 22584 1098 0.0486184909671
1135000 22683 1105 0.0487148966186
1140000 22780 1108 0.0486391571554
1145000 22889 1111 0.0485385993272
1150000 23015 1118 0.0485770149902
1155000 23125 1123 0.0485621621622
1160000 23230 1131 0.0486870426173
1165000 23327 1141 0.0489132764608
1170000 23429 1143 0.0487856929446
1175000 23524 1149 0.0488437340588
1180000 23627 1156 0.0489270749566
1185000 23735 1158 0.0487887086581
1190000 23836 1163 0.0487917435811
1195000 23944 1168 0.0487804878049
1200000 24054 1173 0.0487652781242
1205000 24172 1182 0.0488995532021
1210000 24267 1188 0.0489553714921
1215000 24360 1192 0.0489326765189
1220000 24459 1198 0.0489799255898
1225000 24555 1204 0.0490327835471
1230000 24664 1212 0.049140447616
1235000 24767 1214 0.0490168369201
1240000 24873 1217 0.0489285570699
1245000 24975 1223 0.048968968969
1250000 25072 1228 0.0489789406509
1255000 25189 1234 0.0489896383342
1260000 25292 1238 0.0489482840424
1265000 25378 1239 0.0488218141698
1270000 25474 1244 0.0488341053623
1275000 25547 1248 0.0488511371198
1280000 25644 1254 0.048900327562
1285000 25750 1258 0.048854368932
1290000 25834 1259 0.0487342262135
1295000 25922 1265 0.0488002468945
1300000 26035 1268 0.048703668139
1305000 26149 1271 0.0486060652415
1310000 26248 1274 0.0485370313929
1315000 26330 1277 0.0484998101025
1320000 26420 1285 0.0486373959122
1325000 26512 1290 0.0486572118286
1330000 26595 1295 0.0486933634142
1335000 26702 1299 0.0486480413452
1340000 26803 1304 0.0486512703802
1345000 26911 1307 0.0485675002787
1350000 27029 1317 0.0487254430427
1355000 27123 1322 0.0487409209896
1360000 27209 1324 0.0486603697306
1365000 27320 1330 0.048682284041
1370000 27421 1339 0.0488311877758
1375000 27534 1344 0.0488123774243
1380000 27638 1350 0.0488457920255
1385000 27735 1354 0.0488191815396
1390000 27824 1360 0.0488786658999
1395000 27907 1361 0.0487691260257
1400000 28017 1365 0.0487204197452
1405000 28105 1369 0.0487101939157
1410000 28205 1371 0.0486084027655
1415000 28327 1376 0.0485755639496
1420000 28439 1382 0.0485952389325
1425000 28532 1388 0.0486471330436
1430000 28611 1393 0.0486875677187
1435000 28708 1395 0.0485927267661
1440000 28829 1401 0.0485968989559
1445000 28929 1407 0.048636316499
1450000 29019 1409 0.0485543953961
1455000 29122 1415 0.0485886958313
1460000 29230 1424 0.0487170715019
1465000 29318 1428 0.0487072788048
1470000 29408 1433 0.0487282372144
1475000 29506 1436 0.0486680675117
1480000 29611 1442 0.0486981189423
1485000 29694 1445 0.0486630295683
1490000 29797 1448 0.0485954961909
1495000 29903 1456 0.0486907668127
1500000 30015 1458 0.0485757121439
1505000 30124 1462 0.048532731377
1510000 30218 1464 0.0484479449335
1515000 30325 1473 0.0485737840066
1520000 30425 1479 0.0486113393591
1525000 30515 1488 0.0487629034901
1530000 30621 1494 0.0487900460468
1535000 30718 1501 0.0488638583241
1540000 30816 1503 0.048773364486
1545000 30913 1507 0.0487497169476
1550000 31026 1513 0.048765551473
1555000 31136 1518 0.0487538540596
1560000 31227 1523 0.0487718961155
1565000 31319 1526 0.0487244164884
1570000 31426 1535 0.0488449054923
1575000 31530 1537 0.0487472248652
1580000 31605 1544 0.0488530295839
1585000 31695 1549 0.0488720618394
1590000 31789 1555 0.048916291799
1595000 31890 1561 0.0489495139542
1600000 31987 1567 0.0489886516397
1605000 32087 1573 0.0490229688036
1610000 32167 1576 0.0489943109398
1615000 32256 1579 0.0489521329365
1620000 32361 1584 0.0489478075461
1625000 32453 1590 0.0489939296829
1630000 32560 1596 0.0490171990172
1635000 32671 1601 0.0490037035903
1640000 32778 1607 0.0490267862591
1645000 32883 1610 0.0489614694523
1650000 32980 1615 0.0489690721649
1655000 33094 1621 0.0489816885236
1660000 33197 1622 0.0488598367322
1665000 33291 1626 0.0488420293773
1670000 33394 1631 0.0488411091813
1675000 33496 1637 0.0488715070456
1680000 33594 1640 0.0488182413526
1685000 33695 1648 0.048909333729
1690000 33802 1651 0.0488432637122
1695000 33892 1655 0.0488315826744
1700000 33998 1661 0.0488558150479
1705000 34087 1665 0.0488456009622
1710000 34173 1666 0.048751938665
1715000 34280 1671 0.0487456242707
1720000 34384 1678 0.0488017682643
1725000 34485 1685 0.0488618239814
1730000 34581 1690 0.0488707671843
1735000 34680 1694 0.0488465974625
1740000 34794 1697 0.0487727769156
1745000 34903 1701 0.0487350657537
1750000 34995 1706 0.0487498214031
1755000 35101 1709 0.0486880715649
1760000 35204 1714 0.0486876491308
1765000 35287 1718 0.0486864851078
1770000 35393 1720 0.0485971802334
1775000 35495 1724 0.0485702211579
1780000 35602 1731 0.0486208639964
1785000 35703 1739 0.0487073915357
1790000 35810 1745 0.0487294051941
1795000 35902 1747 0.0486602417693
1800000 36002 1751 0.0486361868785
1805000 36113 1758 0.0486805305569
1810000 36213 1764 0.0487117885842
1815000 36329 1776 0.0488865644526
1820000 36428 1781 0.0488909629955
1825000 36523 1786 0.0489006927142
1830000 36619 1789 0.0488544198367
1835000 36707 1791 0.0487917835835
1840000 36804 1796 0.0487990435822
1845000 36908 1801 0.0487970087786
1850000 37012 1804 0.0487409488814
1855000 37112 1808 0.0487173959905
1860000 37193 1813 0.0487457317237
1865000 37281 1815 0.0486843164078
1870000 37368 1819 0.0486780132734
1875000 37488 1824 0.0486555697823
1880000 37601 1831 0.0486955134172
1885000 37705 1834 0.0486407638244
1890000 37806 1841 0.048695974184
1895000 37917 1849 0.0487644064668
1900000 38028 1856 0.0488061428421
1905000 38145 1861 0.0487875213003
1910000 38246 1865 0.0487632693615
1915000 38339 1869 0.0487493153186
1920000 38434 1875 0.0487849300099
1925000 38540 1881 0.0488064348729
1930000 38640 1886 0.0488095238095
1935000 38741 1893 0.0488629617201
1940000 38849 1898 0.0488558264048
1945000 38947 1906 0.0489383007677
1950000 39038 1911 0.0489523028844
1955000 39138 1919 0.0490316316623
1960000 39234 1927 0.0491155630321
1965000 39321 1931 0.0491086188042
1970000 39417 1940 0.0492173427709
1975000 39524 1946 0.0492359072968
1980000 39632 1953 0.0492783609205
1985000 39732 1958 0.0492801771872
1990000 39822 1961 0.049244136407
1995000 39912 1966 0.0492583684105
2000000 40008 1973 0.0493151369726
2005000 40099 1976 0.0492780368588
2010000 40201 1981 0.0492773811597
2015000 40293 1983 0.04921450376
2020000 40394 1988 0.0492152299847
2025000 40487 1994 0.0492503766641
2030000 40568 1998 0.0492506408992
2035000 40663 2003 0.0492585397044
2040000 40762 2009 0.0492860997988
2045000 40853 2013 0.0492742271069
2050000 40949 2016 0.0492319714767
2055000 41053 2020 0.0492046866246
2060000 41163 2022 0.0491217841265
2065000 41270 2029 0.0491640416768
2070000 41361 2031 0.0491042286212
2075000 41453 2038 0.0491641135744
2080000 41547 2043 0.0491732255036
2085000 41640 2047 0.0491594620557
2090000 41752 2055 0.0492191990803
2095000 41861 2062 0.0492582594778
2100000 41967 2066 0.0492291562418
2105000 42070 2070 0.0492037081055
2110000 42169 2078 0.0492779055704
2115000 42266 2081 0.0492357923627
2120000 42380 2089 0.049292118924
2125000 42482 2096 0.0493385433831
2130000 42583 2101 0.0493389380739
2135000 42688 2108 0.0493815592204
2140000 42776 2110 0.0493267252665
2145000 42867 2116 0.0493619800779
2150000 42965 2120 0.0493424880717
2155000 43064 2129 0.0494380456994
2160000 43176 2137 0.0494950898647
2165000 43271 2143 0.0495250860854
2170000 43362 2150 0.0495825838292
2175000 43464 2156 0.0496042702006
2180000 43560 2164 0.0496786042241
2185000 43656 2174 0.0497984240425
2190000 43753 2181 0.0498480104221
2195000 43870 2182 0.0497378618646
2200000 43964 2186 0.0497225002275
2205000 44051 2192 0.0497605048694
2210000 44140 2195 0.0497281377435
2215000 44254 2203 0.0497808107742
2220000 44364 2207 0.0497475430529
2225000 44469 2210 0.049697542108
2230000 44575 2215 0.0496915311273
2235000 44679 2220 0.0496877727792
2240000 44778 2225 0.0496895797043
2245000 44863 2232 0.049751465573
2250000 44948 2235 0.0497241256563
2255000 45049 2240 0.0497236342649
2260000 45154 2246 0.0497408867431
2265000 45258 2251 0.0497370630607
2270000 45352 2258 0.0497883224555
2275000 45428 2259 0.0497270405917
2280000 45520 2264 0.0497363796134
2285000 45617 2272 0.0498059933797
2290000 45725 2276 0.049775833789
2295000 45821 2281 0.0497806682525
2300000 45910 2288 0.0498366368983
2305000 45999 2290 0.0497836909498
2310000 46110 2301 0.0499024072869
2315000 46229 2307 0.0499037400766
2320000 46326 2316 0.0499935241549
2325000 46415 2317 0.0499192071529
2330000 46515 2325 0.049983876169
2335000 46601 2329 0.0499774682947
2340000 46688 2333 0.049970013708
2345000 46784 2338 0.0499743502052
2350000 46900 2344 0.0499786780384
2355000 46985 2348 0.0499733957646
2360000 47084 2352 0.0499532749979
2365000 47183 2356 0.0499332386665
2370000 47295 2360 0.0498995665504
2375000 47393 2365 0.0499018842445
2380000 47494 2367 0.0498378742578
2385000 47600 2371 0.0498109243697
2390000 47705 2373 0.0497432134996
2395000 47815 2376 0.0496915193977
2400000 47914 2378 0.0496305881371
2405000 48022 2385 0.0496647369955
2410000 48114 2389 0.0496529076776
2415000 48236 2393 0.0496102496061
2420000 48330 2400 0.0496585971446
2425000 48443 2405 0.0496459756828
2430000 48554 2413 0.0496972443053
2435000 48642 2417 0.0496895686855
2440000 48749 2422 0.049683070422
2445000 48859 2430 0.0497349515954
2450000 48960 2435 0.0497344771242
2455000 49074 2440 0.0497208297673
2460000 49181 2447 0.0497549866818
2465000 49293 2451 0.0497230844136
2470000 49392 2457 0.0497448979592
2475000 49486 2462 0.0497514448531
2480000 49585 2467 0.0497529494807
2485000 49682 2473 0.0497765790427
2490000 49790 2478 0.0497690299257
2495000 49896 2480 0.0497033830367
2500000 49994 2484 0.0496859623155
2505000 50085 2487 0.0496555855046
2510000 50168 2494 0.0497129644395
2515000 50266 2499 0.0497155134683
2520000 50346 2503 0.0497159655186
2525000 50450 2506 0.0496729435084
2530000 50558 2515 0.0497448475019
2535000 50658 2522 0.0497848316159
2540000 50751 2530 0.0498512344584
2545000 50862 2533 0.0498014234596
2550000 50953 2537 0.0497909838479
2555000 51050 2542 0.0497943192948
2560000 51167 2549 0.0498172650341
2565000 51261 2553 0.0498039445192
2570000 51362 2559 0.0498228262139
2575000 51467 2561 0.0497600404142
2580000 51570 2566 0.0497576110142
2585000 51665 2571 0.0497628955773
2590000 51763 2573 0.0497073199003
2595000 51868 2581 0.0497609315956
2600000 51976 2587 0.049772972141
2605000 52068 2592 0.0497810555428
2610000 52185 2598 0.0497844208106
2615000 52289 2602 0.0497619002085
2620000 52388 2610 0.0498205695961
2625000 52486 2615 0.0498228098922
2630000 52577 2620 0.0498316754474
2635000 52681 2623 0.0497902469581
2640000 52777 2627 0.0497754703754
2645000 52868 2634 0.0498221986835
2650000 52970 2641 0.049858410421
2655000 53071 2647 0.04987658043
2660000 53186 2655 0.0499191516565
2665000 53278 2662 0.0499643380007
2670000 53381 2668 0.04998033008
2675000 53494 2675 0.0500056081056
2680000 53601 2677 0.0499430980765
2685000 53716 2685 0.0499851068583
2690000 53809 2688 0.0499544685833
2695000 53905 2691 0.0499211575921
2700000 54005 2697 0.049939820387
2705000 54113 2700 0.0498955888603
2710000 54207 2705 0.0499013042596
2715000 54302 2707 0.0498508342234
2720000 54396 2714 0.0498933745128
2725000 54491 2719 0.0498981483181
2730000 54591 2726 0.0499349709659
2735000 54700 2733 0.0499634369287
2740000 54819 2743 0.0500373957934
2745000 54913 2749 0.0500610055907
2750000 55026 2754 0.0500490677134
2755000 55118 2758 0.0500381000762
2760000 55235 2765 0.0500588395039
2765000 55338 2770 0.0500560193719
2770000 55448 2779 0.0501190304429
2775000 55539 2783 0.0501089324619
2780000 55660 2787 0.050071864894
2785000 55784 2792 0.0500501936039
2790000 55869 2799 0.0500993395264
2795000 55974 2800 0.0500232250688
2800000 56052 2800 0.0499536145008
2805000 56159 2802 0.04989405082
2810000 56255 2807 0.0498977868634
2815000 56355 2812 0.0498979682371
2820000 56452 2814 0.0498476581875
2825000 56527 2818 0.0498522829798
2830000 56633 2820 0.0497942895485
2835000 56742 2824 0.0497691304501
2840000 56839 2830 0.049789757033
2845000 56946 2834 0.0497664454044
2850000 57060 2841 0.0497896950578
2855000 57163 2845 0.0497699560905
2860000 57270 2851 0.0497817356382
2865000 57373 2856 0.0497795130113
2870000 57470 2862 0.0497998955977
2875000 57576 2867 0.0497950534945
2880000 57677 2871 0.0497772075524
2885000 57774 2876 0.0497801779347
2890000 57874 2882 0.0497978366797
2895000 57976 2888 0.0498137160204
2900000 58071 2892 0.0498011055432
2905000 58189 2897 0.0497860420354
2910000 58311 2905 0.0498190735882
2915000 58404 2912 0.0498595986576
2920000 58497 2918 0.0498828999778
2925000 58602 2921 0.0498447151974
2930000 58682 2923 0.0498108448928
2935000 58781 2930 0.049846038686
2940000 58873 2935 0.0498530735651
2945000 58957 2941 0.0498838136269
2950000 59049 2944 0.049856898508
2955000 59148 2947 0.0498241698789
2960000 59248 2951 0.0498075884418
2965000 59346 2955 0.0497927408755
2970000 59434 2962 0.0498367937544
2975000 59535 2968 0.0498530276308
2980000 59618 2970 0.0498171693113
2985000 59711 2971 0.049756326305
2990000 59803 2978 0.0497968329348
2995000 59902 2983 0.0497980034056
3000000 60002 2989 0.0498150061665
3005000 60113 2996 0.049839469
3010000 60202 3002 0.049865452975
3015000 60315 3007 0.0498549282931
3020000 60417 3014 0.0498866213152
3025000 60529 3018 0.0498603974954
3030000 60632 3024 0.0498746536482
3035000 60756 3030 0.049871617618
3040000 60859 3037 0.0499022330304
3045000 60958 3043 0.0499196167853
3050000 61069 3045 0.0498616319245
3055000 61169 3049 0.0498455099805
3060000 61286 3055 0.0498482524557
3065000 61386 3062 0.0498810803766
3070000 61496 3068 0.0498894237024
3075000 61595 3071 0.0498579430149
3080000 61689 3076 0.049863022581
3085000 61801 3078 0.0498050193363
3090000 61890 3081 0.0497818710616
3095000 61983 3088 0.0498201119662
3100000 62090 3096 0.0498631019488
3105000 62199 3100 0.0498400295825
3110000 62301 3106 0.0498547374841
3115000 62411 3113 0.0498790277355
3120000 62502 3118 0.0498864036351
3125000 62603 3124 0.0499017618964
3130000 62692 3133 0.0499744784023
3135000 62795 3137 0.0499562067044
3140000 62883 3146 0.050029419716
3145000 62984 3150 0.0500127016385
3150000 63101 3153 0.0499675124008
3155000 63204 3156 0.0499335485096
3160000 63315 3162 0.0499407723288
3165000 63407 3165 0.0499156244579
3170000 63510 3167 0.049866162809
3175000 63618 3175 0.0499072589519
3180000 63734 3179 0.0498791853642
3185000 63868 3187 0.0498997933237
3190000 63980 3192 0.0498905908096
3195000 64088 3201 0.0499469479466
3200000 64187 3202 0.0498854908315
3205000 64280 3210 0.0499377722464
3210000 64407 3217 0.04994798702
3215000 64497 3221 0.0499403073011
3220000 64607 3230 0.0499945826304
3225000 64700 3234 0.0499845440495
3230000 64792 3240 0.0500061736017
3235000 64915 3249 0.0500500654702
3240000 65026 3255 0.0500569003168
3245000 65116 3256 0.0500030714417
3250000 65212 3258 0.0499601300374
3255000 65306 3262 0.0499494686553
3260000 65425 3266 0.0499197554452
3265000 65516 3271 0.0499267354539
3270000 65611 3278 0.0499611345659
3275000 65715 3288 0.0500342387583
3280000 65817 3290 0.0499870854035
3285000 65902 3295 0.0499984825954
3290000 65994 3297 0.0499590871897
3295000 66099 3304 0.0499856276192
3300000 66193 3306 0.0499448582176
3305000 66282 3310 0.0499381430856
3310000 66388 3318 0.0499789118515
3315000 66471 3323 0.049991725715
3320000 66572 3329 0.0500060085321
3325000 66661 3333 0.0499992499362
3330000 66754 3336 0.0499745333613
3335000 66844 3340 0.0499670875471
3340000 66938 3343 0.0499417371299
3345000 67018 3347 0.0499418066788
3350000 67126 3350 0.0499061466496
3355000 67223 3354 0.0498936375943
3360000 67351 3362 0.0499175958783
3365000 67473 3364 0.049856979829
3370000 67577 3371 0.0498838362165
3375000 67681 3378 0.0499106100678
3380000 67782 3382 0.0498952524269
3385000 67867 3386 0.0498916999425
3390000 67945 3387 0.0498491426889
3395000 68034 3390 0.0498280271629
3400000 68148 3398 0.0498620649175
3405000 68253 3399 0.0498000087908
3410000 68347 3400 0.0497461483313
3415000 68432 3408 0.0498012625672
3420000 68525 3414 0.0498212331266
3425000 68620 3420 0.0498396968814
3430000 68733 3427 0.049859601647
3435000 68828 3434 0.0498924856163
3440000 68921 3438 0.0498831996053
3445000 69028 3444 0.0498927971258
3450000 69132 3447 0.0498611352196
3455000 69231 3455 0.0499053892043
3460000 69336 3459 0.0498875043268
3465000 69439 3464 0.0498855110241
3470000 69523 3468 0.0498827726076
3475000 69621 3474 0.0498987374499
3480000 69727 3478 0.04988024725
3485000 69821 3484 0.0498990275132
3490000 69919 3489 0.0499005992649
3495000 70015 3489 0.0498321788188
3500000 70108 3493 0.049823130028
3505000 70223 3496 0.0497842587187
3510000 70321 3508 0.0498855249499
3515000 70421 3510 0.0498430865793
3520000 70520 3512 0.0498014747589
3525000 70615 3520 0.0498477660554
3530000 70728 3525 0.0498388191381
3535000 70839 3527 0.0497889580598
3540000 70944 3530 0.0497575552548
3545000 71034 3535 0.0497649013149
3550000 71117 3542 0.0498052505027
3555000 71228 3549 0.0498259111585
3560000 71328 3553 0.0498121354868
3565000 71442 3557 0.0497886397357
3570000 71514 3560 0.0497804625668
3575000 71625 3562 0.0497312390925
3580000 71740 3571 0.0497769724003
3585000 71846 3580 0.0498288004899
3590000 71949 3588 0.0498686569654
3595000 72064 3594 0.0498723357016
3600000 72179 3599 0.0498621482703
3605000 72287 3599 0.0497876519983
3610000 72382 3601 0.0497499378298
3615000 72472 3606 0.049757147588
3620000 72581 3608 0.0497099791957
3625000 72663 3611 0.0496951681048
3630000 72759 3618 0.0497258071166
3635000 72866 3621 0.0496939587736
3640000 72954 3626 0.0497025522932
3645000 73066 3629 0.0496674239728
3650000 73186 3633 0.0496406416528
3655000 73280 3642 0.0496997816594
3660000 73391 3644 0.0496518646701
3665000 73482 3651 0.0496856372989
3670000 73560 3657 0.0497145187602
3675000 73655 3663 0.0497318579866
3680000 73765 3671 0.0497661492578
3685000 73872 3677 0.0497752869829
3690000 73980 3682 0.0497702081644
3695000 74087 3687 0.0497658158651
3700000 74183 3690 0.0497418546028
3705000 74285 3693 0.0497139395571
3710000 74382 3702 0.0497701056707
3715000 74476 3707 0.0497744239755
3720000 74586 3714 0.0497948676695
3725000 74685 3717 0.0497690299257
3730000 74777 3718 0.0497211709483
3735000 74872 3724 0.0497382198953
3740000 74972 3731 0.0497652456917
3745000 75076 3734 0.0497362672492
3750000 75191 3741 0.0497532949422
3755000 75292 3747 0.0497662434256
3760000 75397 3756 0.0498163056886
3765000 75503 3761 0.0498125902282
3770000 75612 3765 0.0497936835423
3775000 75706 3770 0.049797902412
3780000 75807 3771 0.0497447465274
3785000 75930 3776 0.049730014487
3790000 76026 3781 0.0497329860837
3795000 76130 3787 0.0497438591882
3800000 76247 3793 0.0497462195234
3805000 76330 3795 0.0497183283113
3810000 76426 3798 0.0496951299296
3815000 76519 3802 0.0496870058417
3820000 76610 3806 0.0496801984075
3825000 76701 3807 0.0496342942074
3830000 76824 3817 0.0496849942726
3835000 76920 3818 0.0496359854394
3840000 77019 3822 0.049624118724
3845000 77107 3828 0.0496452980923
3850000 77228 3841 0.0497358471021
3855000 77320 3847 0.0497542679772
3860000 77424 3853 0.0497649307708
3865000 77509 3856 0.0497490613993
3870000 77614 3866 0.0498106011802
3875000 77690 3867 0.0497747457845
3880000 77775 3874 0.0498103503697
3885000 77863 3876 0.0497797413406
3890000 77969 3877 0.0497248906617
3895000 78072 3883 0.0497361409981
3900000 78183 3886 0.0497038998248
3905000 78275 3887 0.0496582561482
3910000 78371 3891 0.0496484669074
3915000 78468 3896 0.0496508130703
3920000 78568 3898 0.049613074025
3925000 78669 3905 0.0496383581843
3930000 78768 3908 0.0496140564696
3935000 78872 3913 0.0496120296176
3940000 79003 3920 0.0496183689227
3945000 79115 3926 0.0496239651141
3950000 79212 3933 0.0496515679443
3955000 79292 3937 0.0496519194875
3960000 79394 3942 0.0496511071366
3965000 79500 3946 0.0496352201258
3970000 79587 3953 0.0496689157777
3975000 79672 3959 0.0496912340596
3980000 79778 3972 0.04978816215
3985000 79874 3977 0.0497909207001
3990000 79965 3982 0.0497967860939
3995000 80055 3984 0.0497657860221
4000000 80147 3986 0.0497336144834
4005000 80246 3991 0.0497345662089
4010000 80343 3998 0.0497616469388
4015000 80452 4003 0.0497563764729
4020000 80554 4007 0.0497430295206
4025000 80664 4012 0.0497371813944
4030000 80763 4018 0.0497505045627
4035000 80868 4019 0.04969827373
4040000 80963 4023 0.0496893642775
4045000 81047 4029 0.0497118955668
4050000 81150 4035 0.0497227356747
4055000 81256 4043 0.0497563256867
4060000 81350 4048 0.0497602950215
4065000 81456 4053 0.0497569239835
4070000 81559 4060 0.0497799139273
4075000 81653 4065 0.0497838413775
4080000 81744 4070 0.0497895870033
4085000 81851 4078 0.049822237969
4090000 81946 4083 0.0498254948381
4095000 82029 4089 0.0498482244084
4100000 82125 4091 0.0498143074581
4105000 82223 4098 0.0498400690804
4110000 82313 4103 0.0498463183215
4115000 82417 4107 0.0498319521458
4120000 82521 4110 0.0498055040535
4125000 82626 4118 0.0498390337182
4130000 82712 4124 0.0498597543283
4135000 82805 4127 0.0498399855081
4140000 82910 4131 0.0498251115668
4145000 82988 4136 0.0498385308719
4150000 83084 4141 0.0498411246449
4155000 83178 4143 0.0498088436846
4160000 83275 4144 0.0497628339838
4165000 83387 4148 0.0497439648866
4170000 83487 4154 0.049756249476
4175000 83570 4158 0.0497546966615
4180000 83675 4160 0.0497161637287
4185000 83791 4170 0.0497666813858
4190000 83905 4175 0.0497586556224
4195000 83997 4180 0.0497636820363
4200000 84100 4185 0.0497621878716
4205000 84183 4193 0.049808156041
4210000 84288 4198 0.0498054290053
4215000 84380 4204 0.0498222327566
4220000 84477 4208 0.049812374966
4225000 84579 4215 0.0498350654418
4230000 84675 4223 0.0498730439917
4235000 84766 4229 0.0498902861997
4240000 84865 4233 0.0498792199375
4245000 84970 4237 0.0498646581146
4250000 85067 4245 0.0499018420774
4255000 85159 4251 0.0499183879566
4260000 85254 4257 0.049933140967
4265000 85356 4264 0.0499554805755
4270000 85468 4273 0.0499953198858
4275000 85553 4277 0.0499924023705
4280000 85659 4280 0.0499655611203
4285000 85760 4283 0.0499416977612
4290000 85861 4287 0.0499295372754
4295000 85963 4290 0.0499051917686
4300000 86053 4293 0.0498878598073
4305000 86136 4297 0.0498862264326
4310000 86235 4306 0.0499333217371
4315000 86326 4310 0.049927020828
4320000 86421 4311 0.0498837088208
4325000 86520 4316 0.0498844197873
4330000 86626 4321 0.0498810980537
4335000 86726 4327 0.0498927657219
4340000 86823 4331 0.0498830954931
4345000 86940 4335 0.049861973775
4350000 87038 4340 0.0498632781084
4355000 87133 4342 0.0498318662275
4360000 87227 4342 0.0497781650177
4365000 87316 4348 0.0497961427459
4370000 87417 4351 0.0497729274626
4375000 87515 4356 0.0497743244015
4380000 87633 4361 0.0497643581756
4385000 87728 4366 0.0497674630677
4390000 87820 4369 0.0497494875882
4395000 87918 4374 0.0497509042517
4400000 88012 4381 0.049777303095
4405000 88120 4387 0.0497843849296
4410000 88224 4393 0.0497937069278
4415000 88326 4396 0.049770169599
4420000 88422 4402 0.0497839904096
4425000 88517 4405 0.0497644520262
4430000 88630 4415 0.049813832788
4435000 88724 4420 0.049817411298
4440000 88833 4424 0.0498013125753
4445000 88938 4432 0.0498324675617
4450000 89032 4433 0.049791086351
4455000 89129 4438 0.0497929966678
4460000 89217 4441 0.0497775087707
4465000 89311 4449 0.0498146924791
4470000 89406 4452 0.0497953157506
4475000 89516 4456 0.049778810492
4480000 89616 4461 0.0497790573112
4485000 89709 4463 0.0497497464023
4490000 89809 4467 0.0497388903117
4495000 89918 4472 0.0497342022732
4500000 90004 4475 0.0497200124439
4505000 90098 4477 0.0496903371884
4510000 90197 4481 0.0496801445724
4515000 90296 4485 0.0496699743067
4520000 90377 4492 0.0497029111389
4525000 90481 4501 0.0497452503841
4530000 90586 4508 0.0497648643278
4535000 90689 4514 0.0497745040744
4540000 90781 4517 0.0497571077648
4545000 90889 4521 0.0497419929804
4550000 91003 4525 0.0497236354845
4555000 91117 4532 0.0497382486254
4560000 91202 4538 0.0497576807526
4565000 91302 4543 0.0497579461567
4570000 91414 4550 0.0497735576608
4575000 91510 4552 0.0497431974648
4580000 91615 4555 0.0497189324892
4585000 91708 4558 0.0497012256292
4590000 91806 4563 0.0497026338148
4595000 91928 4572 0.0497345748847
4600000 92021 4575 0.0497169124439
4605000 92121 4578 0.0496955091673
4610000 92234 4586 0.0497213608864
4615000 92326 4590 0.0497151398306
4620000 92417 4590 0.0496661869569
4625000 92517 4600 0.0497205918912
4630000 92619 4603 0.0496982260659
4635000 92716 4611 0.049732516502
4640000 92817 4615 0.0497214949848
4645000 92926 4617 0.049684695349
4650000 93024 4621 0.0496753525972
4655000 93120 4626 0.0496778350515
4660000 93213 4630 0.0496711832041
4665000 93312 4634 0.049661351166
4670000 93422 4636 0.0496242855002
4675000 93505 4638 0.0496016255815
4680000 93611 4647 0.0496416019485
4685000 93702 4650 0.049625408209
4690000 93816 4658 0.0496503794662
4695000 93905 4662 0.0496459187477
4700000 94003 4663 0.0496047998468
4705000 94098 4670 0.0496291100767
4710000 94185 4673 0.0496151191803
4715000 94298 4676 0.0495874779953
4720000 94401 4679 0.0495651529115
4725000 94511 4682 0.0495392070764
4730000 94613 4688 0.0495492162811
4735000 94706 4695 0.0495744725783
4740000 94794 4699 0.0495706479313
4745000 94912 4705 0.0495722353338
4750000 95024 4709 0.0495559016669
4755000 95129 4720 0.0496168360857
4760000 95217 4726 0.0496339939297
4765000 95305 4733 0.0496616127171
4770000 95394 4736 0.0496467283058
4775000 95494 4741 0.049647098247
4780000 95576 4745 0.0496463547334
4785000 95669 4749 0.0496399042532
4790000 95761 4753 0.0496339846075
4795000 95865 4758 0.0496322954154
4800000 95960 4764 0.0496456857024
4805000 96070 4771 0.0496617050068
4810000 96180 4782 0.0497192763568
4815000 96283 4790 0.0497491769056
4820000 96383 4795 0.0497494371414
4825000 96486 4802 0.0497688783865
4830000 96585 4805 0.0497489258166
4835000 96675 4808 0.0497336436514
4840000 96777 4815 0.0497535571468
4845000 96871 4818 0.0497362471741
4850000 96980 4821 0.0497112806764
4855000 97096 4830 0.0497445826811
4860000 97184 4836 0.0497612775766
4865000 97290 4839 0.0497378970089
4870000 97395 4843 0.0497253452436
4875000 97500 4849 0.0497333333333
4880000 97597 4856 0.0497556277345
4885000 97716 4857 0.0497052683286
4890000 97820 4864 0.0497239828256
4895000 97895 4868 0.0497267480464
4900000 97995 4873 0.0497270268891
4905000 98079 4878 0.0497354173676
4910000 98189 4884 0.0497408059966
4915000 98309 4888 0.0497207783621
4920000 98397 4889 0.0496864741811
4925000 98500 4895 0.0496954314721
4930000 98607 4899 0.0496820712525
4935000 98707 4903 0.0496722623522
4940000 98799 4907 0.0496664946001
4945000 98890 4910 0.0496511275154
4950000 98993 4918 0.0496802804239
4955000 99099 4924 0.0496876860513
4960000 99196 4930 0.0496995846607
4965000 99269 4932 0.0496831840756
4970000 99369 4937 0.0496835029033
4975000 99474 4939 0.0496511651286
4980000 99563 4942 0.0496369133112
4985000 99668 4944 0.0496046875627
4990000 99782 4950 0.0496081457578
4995000 99872 4952 0.0495834668376
5000000 99975 4957 0.0495823955989
Total runtime: 8569266 ms
Simulation started at: 2015-02-13 15:03:17
Input file: sampleData.txt
Policy: Softmax
Lines Evaluations Clicks CTR 
5000 106 5 0.0471698113208
10000 197 8 0.0406091370558
15000 290 10 0.0344827586207
20000 379 12 0.0316622691293
25000 478 17 0.0355648535565
30000 584 21 0.0359589041096
35000 670 23 0.034328358209
40000 786 27 0.0343511450382
45000 879 32 0.0364050056883
50000 967 35 0.0361944157187
55000 1054 39 0.0370018975332
60000 1154 42 0.0363951473137
65000 1252 44 0.0351437699681
70000 1353 47 0.0347376201035
75000 1447 57 0.039391845197
80000 1547 62 0.0400775694893
85000 1637 63 0.038485033598
90000 1738 66 0.0379746835443
95000 1831 67 0.0365920262152
100000 1928 70 0.0363070539419
105000 2024 72 0.0355731225296
110000 2128 80 0.0375939849624
115000 2230 94 0.0421524663677
120000 2320 100 0.0431034482759
125000 2426 104 0.042868920033
130000 2528 105 0.0415348101266
135000 2625 111 0.0422857142857
140000 2725 115 0.0422018348624
145000 2817 117 0.0415335463259
150000 2928 122 0.0416666666667
155000 3028 129 0.0426023778071
160000 3144 132 0.0419847328244
165000 3256 138 0.0423832923833
170000 3357 139 0.0414060172773
175000 3459 144 0.0416305290546
180000 3559 154 0.0432705816241
185000 3666 155 0.0422804146208
190000 3765 157 0.0416998671979
195000 3869 167 0.0431636081675
200000 3968 171 0.0430947580645
205000 4072 174 0.0427308447937
210000 4178 176 0.0421254188607
215000 4265 179 0.0419695193435
220000 4361 182 0.0417335473515
225000 4453 188 0.0422187289468
230000 4573 195 0.0426415919528
235000 4678 206 0.0440359127832
240000 4781 212 0.0443421878268
245000 4879 214 0.0438614470178
250000 4982 223 0.0447611401044
255000 5077 227 0.044711443766
260000 5176 234 0.0452086553323
265000 5275 237 0.0449289099526
270000 5373 241 0.0448538991253
275000 5469 250 0.0457121960139
280000 5561 254 0.0456752382665
285000 5660 257 0.045406360424
290000 5759 263 0.0456676506338
295000 5854 270 0.0461223095319
300000 5948 275 0.0462340282448
305000 6055 281 0.0464079273328
310000 6154 282 0.0458238544036
315000 6254 286 0.0457307323313
320000 6343 294 0.0463503074255
325000 6442 299 0.0464141570941
330000 6549 302 0.0461139105207
335000 6637 309 0.0465571794485
340000 6731 316 0.0469469618185
345000 6810 320 0.0469897209985
350000 6895 322 0.0467005076142
355000 6977 329 0.0471549376523
360000 7084 333 0.0470073404856
365000 7182 345 0.0480367585631
370000 7271 352 0.0484114977307
375000 7378 354 0.0479804825156
380000 7465 358 0.0479571332887
385000 7568 365 0.0482293868922
390000 7657 370 0.0483217970485
395000 7754 372 0.0479752385865
400000 7846 382 0.0486872291614
405000 7941 390 0.0491122024934
410000 8043 396 0.0492353599403
415000 8134 400 0.0491762970248
420000 8246 404 0.0489934513704
425000 8359 410 0.0490489292978
430000 8467 414 0.0488957127672
435000 8554 417 0.0487491232172
440000 8653 420 0.0485380792789
445000 8764 426 0.0486079415792
450000 8865 435 0.0490693739425
455000 8978 439 0.0488973045222
460000 9070 443 0.048842337376
465000 9166 447 0.0487671830679
470000 9270 453 0.0488673139159
475000 9376 459 0.048954778157
480000 9481 463 0.0488345111275
485000 9570 468 0.0489028213166
490000 9672 473 0.0489040529363
495000 9773 474 0.0485009720659
500000 9864 479 0.0485604217356
505000 9970 483 0.048445336008
510000 10066 485 0.0481819988079
515000 10159 488 0.0480362240378
520000 10247 493 0.0481116424319
525000 10341 497 0.0480611159462
530000 10456 505 0.0482976281561
535000 10543 512 0.0485630276013
540000 10649 515 0.0483613484834
545000 10749 521 0.0484696250814
550000 10855 528 0.0486411791801
555000 10964 533 0.0486136446552
560000 11070 542 0.0489611562782
565000 11174 546 0.0488634329694
570000 11274 551 0.0488735142806
575000 11378 559 0.0491298998066
580000 11474 563 0.049067456859
585000 11582 567 0.0489552754274
590000 11681 572 0.0489684102388
595000 11765 575 0.0488737781555
600000 11879 583 0.0490782052361
605000 11981 588 0.0490777063684
610000 12081 591 0.048919791408
615000 12184 594 0.0487524622456
620000 12289 597 0.048580030922
625000 12371 599 0.0484196912133
630000 12464 604 0.048459563543
635000 12549 606 0.0482907004542
640000 12659 609 0.048108065408
645000 12754 612 0.0479849458993
650000 12850 620 0.0482490272374
655000 12953 623 0.0480969659538
660000 13034 629 0.0482584011048
665000 13157 635 0.0482632819032
670000 13255 641 0.0483591097699
675000 13344 646 0.0484112709832
680000 13460 652 0.0484398216939
685000 13561 657 0.0484477545904
690000 13677 665 0.0486217737808
695000 13779 670 0.0486247187749
700000 13882 674 0.0485520818326
705000 13986 681 0.0486915486915
710000 14092 688 0.0488220266818
715000 14206 693 0.0487822047022
720000 14317 697 0.0486833833904
725000 14410 701 0.0486467730743
730000 14499 704 0.0485550727636
735000 14595 711 0.0487153134635
740000 14696 716 0.0487207403375
745000 14801 719 0.0485777987974
750000 14917 726 0.0486693034793
755000 15018 730 0.0486083366627
760000 15103 736 0.0487320399921
765000 15215 739 0.0485704896484
770000 15295 741 0.0484472049689
775000 15380 741 0.0481794538362
780000 15469 743 0.0480315469649
785000 15547 750 0.0482408181643
790000 15655 755 0.0482274033855
795000 15751 759 0.048187416672
800000 15858 762 0.048051456678
805000 15961 770 0.0482425913163
810000 16054 773 0.048149993771
815000 16167 780 0.0482464279087
820000 16271 784 0.0481838854404
825000 16387 787 0.0480258741685
830000 16480 793 0.0481189320388
835000 16579 797 0.0480728632608
840000 16669 800 0.0479932809407
845000 16754 803 0.0479288528113
850000 16849 804 0.0477179654579
855000 16966 811 0.0478014853236
860000 17058 816 0.047836792121
865000 17162 824 0.0480130520918
870000 17263 827 0.0479059259688
875000 17360 834 0.0480414746544
880000 17468 837 0.0479161896038
885000 17568 846 0.0481557377049
890000 17665 850 0.0481177469573
895000 17774 854 0.0480477101384
900000 17878 858 0.0479919454078
905000 17969 861 0.0479158550838
910000 18071 865 0.047866747828
915000 18174 868 0.0477605370309
920000 18255 871 0.0477129553547
925000 18342 873 0.0475956820412
930000 18438 878 0.047619047619
935000 18545 882 0.0475599892154
940000 18654 891 0.0477645545191
945000 18766 896 0.0477459234786
950000 18880 900 0.0476694915254
955000 18969 908 0.0478675734092
960000 19082 914 0.0478985431297
965000 19181 919 0.0479119962463
970000 19278 921 0.0477746654217
975000 19387 929 0.0479187084129
980000 19487 934 0.0479293888233
985000 19593 941 0.048027356709
990000 19707 946 0.048003247577
995000 19820 952 0.0480322906155
1000000 19910 954 0.0479156202913
1005000 20014 957 0.0478165284301
1010000 20117 967 0.0480687975344
1015000 20215 972 0.048083106604
1020000 20302 976 0.0480740813713
1025000 20396 980 0.0480486369876
1030000 20492 985 0.0480675385516
1035000 20587 989 0.0480400252587
1040000 20668 998 0.0482872072769
1045000 20755 1006 0.048470248133
1050000 20849 1010 0.048443570435
1055000 20959 1016 0.0484755952097
1060000 21063 1022 0.0485211033566
1065000 21181 1028 0.0485340635475
1070000 21263 1029 0.0483939237173
1075000 21372 1036 0.0484746397155
1080000 21464 1039 0.0484066343645
1085000 21560 1043 0.0483766233766
1090000 21663 1046 0.0482850944006
1095000 21780 1053 0.048347107438
1100000 21887 1059 0.0483848860054
1105000 21993 1062 0.0482880916655
1110000 22094 1066 0.0482483932289
1115000 22208 1073 0.0483159221902
1120000 22301 1075 0.0482041164073
1125000 22413 1079 0.0481417034757
1130000 22524 1086 0.0482152370804
1135000 22628 1088 0.0480820222733
1140000 22729 1092 0.0480443486295
1145000 22819 1095 0.0479863271835
1150000 22919 1101 0.0480387451459
1155000 23024 1102 0.0478630993746
1160000 23147 1105 0.047738367823
1165000 23256 1112 0.0478156174751
1170000 23376 1119 0.0478696098563
1175000 23490 1121 0.0477224350788
1180000 23597 1127 0.0477603085138
1185000 23703 1128 0.0475889127958
1190000 23798 1130 0.0474829817632
1195000 23888 1135 0.0475133958473
1200000 23991 1141 0.0475595014797
1205000 24081 1147 0.0476309123375
1210000 24181 1149 0.0475166453
1215000 24289 1154 0.0475112190704
1220000 24386 1156 0.0474042483392
1225000 24489 1163 0.0474907101147
1230000 24584 1165 0.0473885453954
1235000 24683 1173 0.0475225863955
1240000 24804 1179 0.0475326560232
1245000 24901 1182 0.0474679731738
1250000 24993 1185 0.0474132757172
1255000 25100 1187 0.0472908366534
1260000 25218 1193 0.047307478785
1265000 25329 1200 0.0473765249319
1270000 25415 1203 0.0473342514263
1275000 25503 1209 0.0474061875074
1280000 25598 1211 0.0473083834675
1285000 25700 1213 0.0471984435798
1290000 25818 1217 0.047137655899
1295000 25923 1221 0.0471010299734
1300000 26011 1222 0.0469801237938
1305000 26118 1229 0.0470556704189
1310000 26220 1233 0.0470251716247
1315000 26309 1238 0.0470561404842
1320000 26393 1242 0.0470579320274
1325000 26486 1249 0.0471569885977
1330000 26584 1252 0.0470959975925
1335000 26687 1254 0.0469891707573
1340000 26784 1258 0.046968339307
1345000 26880 1262 0.0469494047619
1350000 26989 1267 0.0469450516877
1355000 27088 1272 0.0469580626108
1360000 27204 1275 0.0468681076312
1365000 27305 1279 0.0468412378685
1370000 27409 1282 0.0467729577876
1375000 27500 1285 0.0467272727273
1380000 27621 1292 0.0467760037653
1385000 27717 1298 0.0468304650575
1390000 27802 1304 0.0469031004964
1395000 27898 1306 0.046813391641
1400000 28004 1312 0.0468504499357
1405000 28095 1315 0.0468054814024
1410000 28195 1322 0.0468877460543
1415000 28280 1331 0.0470650636492
1420000 28392 1337 0.047090729783
1425000 28496 1346 0.047234699607
1430000 28590 1350 0.0472193074502
1435000 28700 1354 0.0471777003484
1440000 28812 1360 0.0472025544912
1445000 28899 1362 0.0471296584657
1450000 28994 1366 0.0471131958336
1455000 29090 1372 0.0471639738742
1460000 29199 1381 0.0472961402788
1465000 29317 1386 0.0472763243169
1470000 29412 1388 0.047191622467
1475000 29510 1396 0.0473059979668
1480000 29595 1404 0.0474404460213
1485000 29691 1408 0.0474217776431
1490000 29786 1417 0.0475726851541
1495000 29886 1420 0.0475138861005
1500000 29973 1424 0.0475094251493
1505000 30058 1429 0.0475414199215
1510000 30175 1435 0.047555923778
1515000 30289 1443 0.0476410578098
1520000 30378 1446 0.0476002370136
1525000 30474 1449 0.047548730065
1530000 30565 1452 0.0475053165385
1535000 30647 1459 0.0476066172872
1540000 30772 1463 0.0475432211101
1545000 30871 1465 0.0474555407988
1550000 30944 1467 0.047408221303
1555000 31062 1474 0.0474534801365
1560000 31150 1476 0.0473836276083
1565000 31263 1480 0.0473403064325
1570000 31349 1489 0.0474975278318
1575000 31436 1493 0.0474933197608
1580000 31532 1499 0.0475390079919
1585000 31655 1503 0.0474806507661
1590000 31761 1513 0.047637039136
1595000 31867 1521 0.0477296262591
1600000 31968 1526 0.0477352352352
1605000 32078 1529 0.0476650664006
1610000 32155 1533 0.0476753226559
1615000 32266 1541 0.0477592512242
1620000 32362 1548 0.0478338792411
1625000 32456 1553 0.0478493961055
1630000 32554 1558 0.0478589420655
1635000 32646 1565 0.0479384916988
1640000 32744 1566 0.047825555827
1645000 32848 1575 0.0479481246956
1650000 32932 1579 0.0479472853152
1655000 33021 1583 0.0479391902123
1660000 33140 1588 0.047917923959
1665000 33240 1590 0.0478339350181
1670000 33335 1598 0.0479376031198
1675000 33444 1603 0.0479308695132
1680000 33539 1607 0.0479143683473
1685000 33661 1614 0.0479486646267
1690000 33746 1622 0.0480649558466
1695000 33835 1626 0.0480567459731
1700000 33952 1634 0.0481267672008
1705000 34045 1639 0.0481421647819
1710000 34161 1643 0.0480957817394
1715000 34273 1648 0.0480844980013
1720000 34386 1652 0.0480428081196
1725000 34484 1658 0.0480802691103
1730000 34583 1662 0.0480582945378
1735000 34683 1666 0.0480350604042
1740000 34773 1669 0.0479970091738
1745000 34889 1677 0.0480667259021
1750000 34978 1682 0.0480873692035
1755000 35071 1688 0.0481309343902
1760000 35169 1694 0.0481674201712
1765000 35282 1699 0.0481548665042
1770000 35395 1706 0.0481988981495
1775000 35506 1714 0.0482735312342
1780000 35597 1716 0.0482063095205
1785000 35698 1723 0.0482660093002
1790000 35801 1729 0.0482947403704
1795000 35896 1731 0.0482226431914
1800000 35998 1735 0.0481971220623
1805000 36104 1737 0.0481110126302
1810000 36219 1743 0.0481239128634
1815000 36306 1748 0.0481463119044
1820000 36421 1751 0.0480766590703
1825000 36522 1758 0.0481353704616
1830000 36621 1764 0.0481690833129
1835000 36723 1769 0.048171445688
1840000 36810 1775 0.0482205922304
1845000 36901 1777 0.0481558765345
1850000 37017 1783 0.0481670583786
1855000 37123 1790 0.0482180858228
1860000 37239 1797 0.0482558607911
1865000 37345 1802 0.0482527781497
1870000 37439 1812 0.0483987285985
1875000 37525 1814 0.0483411059294
1880000 37621 1819 0.0483506552192
1885000 37714 1820 0.048257941348
1890000 37819 1826 0.0482826092705
1895000 37927 1830 0.0482505866533
1900000 38034 1833 0.0481937214072
1905000 38147 1838 0.0481820326631
1910000 38245 1845 0.0482416002092
1915000 38335 1847 0.0481805138907
1920000 38434 1853 0.0482125201644
1925000 38536 1855 0.0481368071414
1930000 38623 1861 0.0481837247236
1935000 38718 1865 0.0481688103724
1940000 38807 1871 0.0482129512717
1945000 38891 1877 0.0482630942892
1950000 38975 1878 0.0481847338037
1955000 39086 1885 0.0482269866448
1960000 39190 1888 0.0481755549885
1965000 39286 1891 0.0481341953877
1970000 39406 1894 0.0480637466376
1975000 39517 1901 0.0481058784827
1980000 39614 1905 0.0480890594234
1985000 39706 1908 0.0480531909535
1990000 39808 1910 0.0479803054662
1995000 39926 1915 0.0479637329059
2000000 40026 1919 0.0479438365063
2005000 40122 1927 0.0480285130352
2010000 40234 1931 0.0479942337327
2015000 40329 1938 0.0480547496839
2020000 40437 1945 0.0480995128224
2025000 40516 1949 0.048104452562
2030000 40610 1954 0.0481162275302
2035000 40716 1959 0.048113763631
2040000 40813 1962 0.0480729179428
2045000 40918 1965 0.0480228750183
2050000 41029 1969 0.0479904457823
2055000 41141 1977 0.0480542524489
2060000 41248 1979 0.0479780837859
2065000 41358 1987 0.0480439092799
2070000 41435 1994 0.0481235670327
2075000 41529 2002 0.0482072768427
2080000 41626 2008 0.0482390813434
2085000 41719 2014 0.0482753661401
2090000 41834 2018 0.0482382750872
2095000 41930 2022 0.0482232291915
2100000 42021 2026 0.048213988244
2105000 42117 2030 0.0481990645108
2110000 42208 2032 0.0481425322214
2115000 42317 2036 0.0481130514923
2120000 42407 2042 0.0481524276652
2125000 42493 2043 0.0480785070482
2130000 42586 2049 0.0481144037947
2135000 42680 2057 0.0481958762887
2140000 42783 2060 0.048149966108
2145000 42884 2066 0.048176476075
2150000 42992 2068 0.04810197246
2155000 43081 2075 0.0481650843759
2160000 43177 2081 0.0481969567131
2165000 43278 2087 0.0482231156708
2170000 43370 2094 0.0482822227346
2175000 43455 2101 0.0483488666437
2180000 43562 2104 0.0482989761719
2185000 43662 2108 0.0482799688516
2190000 43761 2110 0.0482164484358
2195000 43852 2113 0.0481848034297
2200000 43956 2118 0.0481845481845
2205000 44062 2124 0.048204802324
2210000 44171 2129 0.048199044622
2215000 44253 2133 0.0482001220256
2220000 44353 2138 0.0482041801006
2225000 44434 2143 0.0482288337759
2230000 44555 2148 0.0482100774324
2235000 44661 2157 0.0482971720293
2240000 44742 2160 0.0482767869116
2245000 44854 2167 0.0483123021358
2250000 44953 2170 0.0482726403132
2255000 45065 2179 0.0483523798957
2260000 45176 2184 0.048344253586
2265000 45261 2189 0.0483639336294
2270000 45359 2192 0.0483255803699
2275000 45440 2197 0.048349471831
2280000 45542 2198 0.0482631417153
2285000 45655 2206 0.0483189135911
2290000 45753 2211 0.0483247000197
2295000 45858 2216 0.0483230843037
2300000 45949 2221 0.0483361988291
2305000 46062 2227 0.0483478789458
2310000 46171 2233 0.0483636914947
2315000 46264 2239 0.048396161162
2320000 46381 2243 0.0483603199586
2325000 46475 2249 0.0483916083916
2330000 46571 2251 0.048334800627
2335000 46661 2257 0.0483701592336
2340000 46760 2262 0.048374679213
2345000 46855 2264 0.048319282894
2350000 46950 2268 0.0483067092652
2355000 47053 2274 0.0483284806495
2360000 47148 2276 0.0482735216764
2365000 47240 2280 0.0482641828959
2370000 47332 2288 0.048339389842
2375000 47437 2294 0.0483588759829
2380000 47522 2300 0.048398636421
2385000 47633 2306 0.0484118153381
2390000 47729 2314 0.0484820549352
2395000 47826 2316 0.0484255425919
2400000 47920 2321 0.0484348914858
2405000 48012 2326 0.0484462217779
2410000 48112 2335 0.0485325906219
2415000 48205 2341 0.0485634270304
2420000 48297 2345 0.048553740398
2425000 48385 2347 0.0485067686266
2430000 48489 2350 0.0484646002186
2435000 48585 2353 0.0484305855717
2440000 48674 2358 0.0484447548999
2445000 48790 2363 0.0484320557491
2450000 48897 2367 0.0484078777839
2455000 49013 2373 0.0484157264399
2460000 49126 2378 0.0484061393152
2465000 49218 2381 0.0483766101833
2470000 49326 2384 0.0483315087378
2475000 49448 2390 0.0483336029769
2480000 49540 2397 0.0483851433185
2485000 49642 2403 0.0484065911929
2490000 49747 2410 0.0484451323698
2495000 49857 2420 0.0485388210281
2500000 49941 2426 0.0485773212391
2505000 50046 2428 0.0485153658634
2510000 50143 2436 0.0485810581736
2515000 50234 2445 0.0486722140383
2520000 50350 2452 0.0486991062562
2525000 50440 2457 0.0487113402062
2530000 50535 2460 0.048679133274
2535000 50640 2464 0.0486571879937
2540000 50749 2472 0.0487103194152
2545000 50850 2478 0.0487315634218
2550000 50948 2483 0.0487359660831
2555000 51035 2485 0.0486920740668
2560000 51158 2490 0.0486727393565
2565000 51257 2492 0.0486177497708
2570000 51350 2497 0.0486270691334
2575000 51452 2501 0.0486084117235
2580000 51551 2507 0.0486314523482
2585000 51665 2515 0.0486789896448
2590000 51779 2519 0.0486490662238
2595000 51877 2524 0.0486535458874
2600000 51986 2531 0.048686184742
2605000 52103 2537 0.0486920138956
2610000 52198 2545 0.0487566573432
2615000 52303 2550 0.0487543735541
2620000 52390 2555 0.048768849017
2625000 52490 2559 0.0487521432654
2630000 52582 2562 0.0487238979118
2635000 52679 2566 0.0487101121889
2640000 52778 2570 0.0486945318125
2645000 52867 2573 0.0486693022112
2650000 52957 2576 0.0486432388542
2655000 53053 2585 0.0487248600456
2660000 53155 2590 0.048725425642
2665000 53249 2594 0.0487145298503
2670000 53372 2602 0.0487521546879
2675000 53472 2609 0.0487918910832
2680000 53573 2617 0.0488492337558
2685000 53670 2625 0.0489100055897
2690000 53755 2635 0.0490186959353
2695000 53868 2639 0.0489901240068
2700000 53967 2643 0.0489743732281
2705000 54063 2649 0.0489983907663
2710000 54162 2654 0.049001144714
2715000 54279 2664 0.0490797546012
2720000 54371 2667 0.0490518842765
2725000 54467 2672 0.049057227312
2730000 54577 2679 0.0490866115763
2735000 54684 2684 0.0490819983908
2740000 54780 2685 0.0490142387733
2745000 54896 2689 0.0489835324978
2750000 54987 2694 0.0489933984396
2755000 55081 2702 0.0490550280496
2760000 55190 2708 0.0490668599384
2765000 55297 2714 0.049080420276
2770000 55409 2721 0.0491075457056
2775000 55513 2722 0.0490335597067
2780000 55610 2728 0.0490559251933
2785000 55717 2736 0.0491052999982
2790000 55840 2743 0.0491224928367
2795000 55952 2749 0.0491313983414
2800000 56051 2751 0.0490803018679
2805000 56145 2759 0.0491406180426
2810000 56248 2764 0.0491395249609
2815000 56344 2766 0.0490912963226
2820000 56433 2776 0.0491910761434
2825000 56511 2780 0.0491939622374
2830000 56611 2787 0.0492307148787
2835000 56713 2790 0.0491950699134
2840000 56833 2795 0.0491791740714
2845000 56927 2802 0.0492209320709
2850000 56998 2804 0.0491947085863
2855000 57087 2810 0.0492231155955
2860000 57204 2818 0.0492622893504
2865000 57305 2825 0.0492976180089
2870000 57413 2833 0.0493442251755
2875000 57505 2842 0.0494217894096
2880000 57621 2849 0.0494437791777
2885000 57724 2854 0.0494421730996
2890000 57822 2860 0.0494621424371
2895000 57919 2866 0.0494828985307
2900000 58020 2873 0.0495174077904
2905000 58114 2879 0.0495405582132
2910000 58214 2885 0.0495585254406
2915000 58324 2887 0.0494993484672
2920000 58436 2897 0.0495756040797
2925000 58526 2899 0.0495335406486
2930000 58628 2908 0.0496008733029
2935000 58734 2911 0.0495624340246
2940000 58857 2918 0.0495777902374
2945000 58954 2924 0.0495979916545
2950000 59054 2930 0.0496156060555
2955000 59153 2933 0.0495832840262
2960000 59241 2936 0.0495602707584
2965000 59356 2940 0.0495316395984
2970000 59455 2945 0.0495332604491
2975000 59550 2955 0.0496221662469
2980000 59639 2959 0.0496151846946
2985000 59732 2960 0.0495546775598
2990000 59829 2963 0.0495244780959
2995000 59933 2967 0.049505280897
3000000 60023 2972 0.0495143528314
3005000 60116 2976 0.0495042917027
3010000 60217 2984 0.049554112626
3015000 60316 2992 0.0496054114994
3020000 60419 2997 0.0496036015161
3025000 60521 2999 0.0495530477025
3030000 60621 3005 0.0495702809258
3035000 60719 3007 0.0495232134917
3040000 60821 3010 0.0494894855395
3045000 60922 3017 0.0495223400414
3050000 61007 3024 0.0495680823512
3055000 61105 3029 0.0495704115866
3060000 61193 3031 0.0495318091939
3065000 61288 3036 0.0495366140191
3070000 61390 3040 0.049519465711
3075000 61475 3042 0.0494835298902
3080000 61576 3050 0.049532285306
3085000 61688 3056 0.0495396187265
3090000 61789 3060 0.0495233779475
3095000 61915 3068 0.0495518048938
3100000 62034 3073 0.0495373504852
3105000 62129 3082 0.0496064639701
3110000 62227 3089 0.0496408311505
3115000 62349 3096 0.0496559688207
3120000 62443 3101 0.0496612910975
3125000 62548 3106 0.0496578627614
3130000 62647 3111 0.0496592015579
3135000 62757 3118 0.049683700623
3140000 62856 3123 0.0496849942726
3145000 62956 3129 0.0497013787407
3150000 63049 3136 0.0497390918175
3155000 63162 3142 0.0497450999018
3160000 63248 3145 0.0497248924867
3165000 63354 3149 0.0497048331597
3170000 63461 3151 0.0496525425064
3175000 63571 3159 0.0496924698369
3180000 63682 3168 0.0497471813071
3185000 63777 3177 0.0498141963404
3190000 63890 3183 0.0498200031304
3195000 63990 3190 0.049851539303
3200000 64087 3195 0.0498541045766
3205000 64197 3201 0.0498621430908
3210000 64290 3205 0.0498522320734
3215000 64392 3208 0.0498198533979
3220000 64498 3216 0.0498620112252
3225000 64601 3224 0.0499063481989
3230000 64702 3231 0.0499366325616
3235000 64819 3236 0.0499236335025
3240000 64936 3246 0.0499876801774
3245000 65026 3252 0.0500107649248
3250000 65121 3254 0.0499685201394
3255000 65232 3263 0.0500214618592
3260000 65347 3268 0.0500099468989
3265000 65422 3275 0.0500596129742
3270000 65515 3278 0.0500343432802
3275000 65616 3284 0.050048768593
3280000 65712 3291 0.0500821767714
3285000 65805 3295 0.0500721829648
3290000 65913 3302 0.0500963391137
3295000 66008 3305 0.0500696885226
3300000 66131 3309 0.0500370476781
3305000 66224 3311 0.0499969799468
3310000 66293 3313 0.0499751104943
3315000 66405 3317 0.0499510579023
3320000 66490 3320 0.0499323206497
3325000 66578 3323 0.0499113821382
3330000 66684 3327 0.0498920280727
3335000 66787 3332 0.0498899486427
3340000 66889 3336 0.0498736713062
3345000 66984 3343 0.0499074405828
3350000 67092 3347 0.0498867227091
3355000 67190 3351 0.0498734930793
3360000 67300 3354 0.0498365527489
3365000 67403 3361 0.0498642493658
3370000 67503 3369 0.0499088929381
3375000 67609 3375 0.0499193894304
3380000 67712 3379 0.0499025283554
3385000 67821 3390 0.0499845180696
3390000 67919 3394 0.0499712893299
3395000 68006 3397 0.0499514748699
3400000 68122 3399 0.0498957752268
3405000 68212 3403 0.0498885826541
3410000 68318 3405 0.0498404520039
3415000 68420 3411 0.0498538439053
3420000 68524 3412 0.0497927733349
3425000 68618 3415 0.0497682823749
3430000 68707 3420 0.0497765875384
3435000 68815 3428 0.0498147206278
3440000 68914 3432 0.0498012014975
3445000 69020 3436 0.0497826716894
3450000 69119 3440 0.0497692385596
3455000 69226 3444 0.0497500938954
3460000 69335 3450 0.0497584192688
3465000 69430 3456 0.0497767535647
3470000 69532 3461 0.0497756428695
3475000 69627 3465 0.0497651773019
3480000 69732 3472 0.0497906269718
3485000 69835 3475 0.0497601489225
3490000 69939 3480 0.0497576459486
3495000 70032 3488 0.0498058030615
3500000 70124 3495 0.0498402829274
3505000 70231 3501 0.0498497814355
3510000 70323 3504 0.0498272258009
3515000 70426 3509 0.0498253485928
3520000 70533 3521 0.0499198956517
3525000 70637 3528 0.0499454959865
3530000 70748 3531 0.0499095380788
3535000 70840 3539 0.0499576510446
3540000 70937 3543 0.0499457264897
3545000 71027 3548 0.0499528348375
3550000 71128 3555 0.0499803171747
3555000 71230 3559 0.0499649024288
3560000 71333 3566 0.0499908878079
3565000 71431 3573 0.0500202993098
3570000 71534 3579 0.0500321525428
3575000 71642 3584 0.050026520756
3580000 71726 3587 0.050009759362
3585000 71811 3589 0.0499784155631
3590000 71910 3593 0.0499652343207
3595000 72004 3597 0.0499555580246
3600000 72117 3605 0.0499882135973
3605000 72210 3609 0.0499792272538
3610000 72307 3613 0.0499674996888
3615000 72426 3617 0.0499406290559
3620000 72522 3621 0.049929676512
3625000 72616 3626 0.0499338988653
3630000 72716 3638 0.0500302546895
3635000 72812 3643 0.0500329615997
3640000 72891 3645 0.0500061736017
3645000 72991 3649 0.0499924648244
3650000 73105 3658 0.0500376171261
3655000 73210 3665 0.0500614670127
3660000 73313 3670 0.0500593346337
3665000 73423 3676 0.0500660555957
3670000 73514 3685 0.0501265065158
3675000 73614 3689 0.0501127502921
3680000 73725 3694 0.0501051203798
3685000 73822 3702 0.0501476524613
3690000 73924 3708 0.050159623397
3695000 74006 3711 0.0501445828717
3700000 74116 3714 0.0501106373792
3705000 74212 3721 0.0501401390611
3710000 74327 3729 0.050170193873
3715000 74439 3736 0.050188745147
3720000 74557 3746 0.0502434379066
3725000 74660 3748 0.0502009107956
3730000 74760 3753 0.0502006420546
3735000 74863 3759 0.0502117200753
3740000 74977 3770 0.0502820865065
3745000 75090 3780 0.050339592489
3750000 75189 3781 0.0502866110734
3755000 75288 3787 0.0503001806397
3760000 75370 3794 0.0503383309009
3765000 75456 3798 0.0503339694656
3770000 75562 3800 0.0502898282205
3775000 75668 3805 0.050285457525
3780000 75783 3812 0.0503015188103
3785000 75883 3815 0.0502747650989
3790000 75977 3823 0.0503178593522
3795000 76086 3830 0.0503377756749
3800000 76184 3838 0.0503780321327
3805000 76282 3842 0.050365748145
3810000 76366 3846 0.050362726868
3815000 76455 3849 0.0503433392191
3820000 76558 3857 0.0503801039735
3825000 76652 3860 0.0503574596879
3830000 76748 3870 0.0504247667692
3835000 76858 3874 0.0504046423274
3840000 76947 3878 0.0503983261206
3845000 77059 3882 0.0503769838695
3850000 77157 3889 0.0504037222805
3855000 77255 3897 0.0504433370008
3860000 77362 3903 0.0504511258758
3865000 77471 3909 0.0504575905823
3870000 77580 3914 0.0504511472029
3875000 77664 3917 0.0504352080758
3880000 77769 3923 0.0504442644241
3885000 77855 3927 0.0504399203648
3890000 77948 3933 0.0504567147329
3895000 78045 3937 0.0504452559421
3900000 78146 3944 0.0504696337624
3905000 78240 3945 0.0504217791411
3910000 78334 3950 0.0504251027651
3915000 78439 3955 0.0504213465241
3920000 78545 3960 0.0504169584315
3925000 78633 3963 0.0503986875739
3930000 78732 3968 0.0503988213179
3935000 78814 3970 0.0503717613622
3940000 78906 3974 0.0503637239247
3945000 78990 3978 0.0503608051652
3950000 79090 3981 0.0503350613225
3955000 79185 3983 0.0502999305424
3960000 79279 3985 0.0502655179808
3965000 79387 3992 0.050285311197
3970000 79504 3998 0.0502867780237
3975000 79607 4007 0.0503347695554
3980000 79710 4011 0.0503199096726
3985000 79823 4016 0.0503113137817
3990000 79923 4022 0.0503234363074
3995000 80027 4024 0.0502830294776
4000000 80119 4029 0.0502876970506
4005000 80219 4038 0.0503372019098
4010000 80323 4041 0.0503093758948
4015000 80415 4045 0.0503015606541
4020000 80496 4046 0.0502633671238
4025000 80599 4051 0.0502611694934
4030000 80694 4054 0.0502391751555
4035000 80791 4057 0.0502159894048
4040000 80903 4060 0.0501835531439
4045000 81006 4066 0.050193812804
4050000 81096 4072 0.050212094308
4055000 81195 4078 0.0502247675349
4060000 81301 4084 0.0502330844639
4065000 81395 4088 0.0502242152466
4070000 81506 4094 0.0502294309621
4075000 81607 4098 0.0502162804661
4080000 81708 4103 0.0502154011847
4085000 81800 4110 0.0502444987775
4090000 81897 4115 0.0502460407585
4095000 81992 4117 0.0502122158259
4100000 82087 4120 0.0501906513821
4105000 82175 4123 0.0501734104046
4110000 82259 4128 0.0501829587036
4115000 82368 4134 0.0501893939394
4120000 82473 4143 0.05023462224
4125000 82583 4150 0.0502524732693
4130000 82668 4154 0.0502491895292
4135000 82777 4161 0.0502675864069
4140000 82879 4164 0.0502419189421
4145000 82972 4166 0.0502097092995
4150000 83079 4170 0.0501931896147
4155000 83179 4177 0.0502170018875
4160000 83289 4185 0.050246731261
4165000 83400 4190 0.0502398081535
4170000 83488 4192 0.050210808739
4175000 83583 4197 0.0502135601737
4180000 83683 4206 0.0502611044059
4185000 83775 4212 0.0502775290958
4190000 83885 4220 0.0503069678727
4195000 83974 4222 0.050277466835
4200000 84088 4227 0.0502687660546
4205000 84194 4231 0.0502529871487
4210000 84301 4237 0.050260376508
4215000 84418 4247 0.0503091757682
4220000 84529 4255 0.0503377539069
4225000 84632 4257 0.050300122885
4230000 84735 4260 0.0502743848469
4235000 84832 4262 0.0502404752923
4240000 84927 4271 0.0502902492729
4245000 85035 4275 0.0502734168284
4250000 85128 4283 0.0503124706325
4255000 85224 4288 0.0503144654088
4260000 85324 4294 0.0503258168862
4265000 85414 4296 0.0502962043693
4270000 85506 4299 0.0502771735317
4275000 85602 4304 0.0502791990841
4280000 85716 4309 0.0502706612534
4285000 85821 4313 0.050255764906
4290000 85910 4317 0.050250261902
4295000 86015 4328 0.0503168052084
4300000 86119 4332 0.0503024884172
4305000 86229 4339 0.0503194980807
4310000 86337 4343 0.0503028828891
4315000 86432 4345 0.0502707330618
4320000 86523 4350 0.0502756492493
4325000 86629 4356 0.0502833923975
4330000 86740 4363 0.0502997463685
4335000 86838 4365 0.0502660125751
4340000 86926 4372 0.0502956537745
4345000 87030 4376 0.0502815121223
4350000 87135 4387 0.0503471624491
4355000 87210 4390 0.0503382639606
4360000 87316 4394 0.0503229648633
4365000 87420 4402 0.0503546099291
4370000 87522 4410 0.0503873311853
4375000 87614 4414 0.0503800762435
4380000 87697 4419 0.0503894089878
4385000 87812 4429 0.0504372978636
4390000 87925 4436 0.0504520898493
4395000 88032 4439 0.0504248455107
4400000 88151 4444 0.0504134950256
4405000 88259 4448 0.0503971266386
4410000 88367 4455 0.0504147475868
4415000 88464 4464 0.0504612045578
4420000 88557 4467 0.0504420881466
4425000 88655 4472 0.0504427274265
4430000 88755 4476 0.050430961636
4435000 88852 4483 0.0504546886958
4440000 88946 4486 0.0504350954512
4445000 89054 4491 0.0504300761336
4450000 89139 4499 0.0504717351552
4455000 89236 4504 0.0504729033126
4460000 89339 4510 0.0504818724185
4465000 89442 4514 0.0504684600076
4470000 89554 4522 0.0504946736048
4475000 89641 4526 0.0504902890418
4480000 89734 4532 0.0505048253728
4485000 89838 4536 0.0504908835905
4490000 89922 4539 0.0504770801361
4495000 90023 4542 0.0504537729247
4500000 90126 4545 0.0504293988416
4505000 90246 4555 0.0504731511646
4510000 90348 4559 0.0504604418471
4515000 90443 4562 0.0504406090024
4520000 90555 4563 0.0503892661918
4525000 90649 4567 0.0503811404428
4530000 90740 4572 0.0503857174344
4535000 90835 4576 0.0503770573017
4540000 90936 4584 0.0504090789126
4545000 91018 4587 0.0503966248434
4550000 91093 4591 0.0503990427365
4555000 91180 4596 0.0504057907436
4560000 91282 4602 0.0504151968625
4565000 91386 4608 0.0504234784321
4570000 91472 4612 0.0504198005947
4575000 91560 4616 0.0504150283967
4580000 91681 4623 0.050424842661
4585000 91774 4627 0.0504173295269
4590000 91861 4638 0.0504893262647
4595000 91968 4643 0.0504849512874
4600000 92060 4646 0.0504670866826
4605000 92147 4650 0.0504628474069
4610000 92266 4661 0.0505169835042
4615000 92367 4665 0.0505050505051
4620000 92467 4669 0.0504936896406
4625000 92562 4672 0.050474276701
4630000 92667 4680 0.0505034154553
4635000 92762 4684 0.050494814687
4640000 92854 4686 0.0504663234756
4645000 92941 4690 0.0504621211306
4650000 93045 4697 0.0504809500779
4655000 93128 4700 0.0504681728374
4660000 93243 4706 0.0504702765891
4665000 93347 4711 0.0504676100999
4670000 93454 4717 0.0504740300041
4675000 93545 4723 0.0504890694318
4680000 93646 4732 0.050530722081
4685000 93755 4736 0.0505146392192
4690000 93849 4738 0.0504853541327
4695000 93954 4745 0.0505034378526
4700000 94057 4749 0.050490659919
4705000 94164 4753 0.0504757656854
4710000 94263 4756 0.0504545792092
4715000 94358 4758 0.0504249772144
4720000 94485 4764 0.0504207016987
4725000 94594 4772 0.0504471742394
4730000 94702 4774 0.0504107621803
4735000 94801 4779 0.0504108606449
4740000 94890 4783 0.0504057329539
4745000 95001 4789 0.0504099956843
4750000 95070 4794 0.0504260018933
4755000 95176 4802 0.0504538959402
4760000 95264 4804 0.0504282835069
4765000 95354 4807 0.0504121484154
4770000 95462 4812 0.0504074919863
4775000 95563 4815 0.0503856094932
4780000 95644 4820 0.0503952155912
4785000 95736 4827 0.050419904738
4790000 95834 4833 0.0504309535238
4795000 95928 4837 0.0504232340922
4800000 96024 4846 0.0504665500292
4805000 96138 4849 0.0504379121679
4810000 96247 4854 0.0504327407608
4815000 96338 4858 0.0504266229318
4820000 96433 4862 0.0504184252279
4825000 96540 4869 0.0504350528278
4830000 96653 4873 0.0504174728151
4835000 96750 4879 0.0504289405685
4840000 96843 4883 0.050421816755
4845000 96938 4887 0.0504136664672
4850000 97039 4894 0.0504333309288
4855000 97129 4898 0.05042778161
4860000 97237 4905 0.0504437611197
4865000 97330 4911 0.0504572074386
4870000 97440 4918 0.0504720853859
4875000 97537 4924 0.0504834062971
4880000 97644 4932 0.0505100159764
4885000 97734 4938 0.0505248941003
4890000 97830 4944 0.0505366452009
4895000 97946 4952 0.0505584709942
4900000 98041 4954 0.0505298803562
4905000 98141 4956 0.0504987721747
4910000 98244 4961 0.0504967224462
4915000 98337 4963 0.0504693045344
4920000 98431 4970 0.0504922229785
4925000 98537 4974 0.0504785004618
4930000 98629 4977 0.0504618317128
4935000 98751 4978 0.0504096161052
4940000 98848 4987 0.0504511977986
4945000 98949 4995 0.0504805505867
4950000 99035 4999 0.0504771040541
4955000 99138 5002 0.0504549214227
4960000 99243 5005 0.0504317684874
4965000 99346 5011 0.0504398767942
4970000 99441 5015 0.0504319144015
4975000 99540 5020 0.0504319871408
4980000 99648 5025 0.050427504817
4985000 99756 5027 0.0503929588195
4990000 99862 5036 0.0504295928381
4995000 99965 5041 0.0504276496774
5000000 100061 5048 0.0504492259722
Total runtime: 1403465 ms
Simulation started at: 2015-02-14 08:28:36
Input file: sampleData.txt
Policy: Softmax
Lines Evaluations Clicks CTR 
Simulation started at: 2015-02-14 08:29:01
Input file: sampleData.txt
Policy: Softmax
Lines Evaluations Clicks CTR 
496 10 0 0.0
836 20 0 0.0
1181 30 2 0.0666666666667
1821 40 2 0.05
2439 50 4 0.08
2784 60 5 0.0833333333333
3305 70 6 0.0857142857143
3850 80 6 0.075
4438 90 8 0.0888888888889
4661 100 9 0.09
5593 110 9 0.0818181818182
6125 120 9 0.075
6846 130 9 0.0692307692308
7251 140 10 0.0714285714286
7972 150 11 0.0733333333333
8631 160 11 0.06875
9138 170 11 0.0647058823529
9950 180 11 0.0611111111111
10511 190 14 0.0736842105263
11068 200 14 0.07
11562 210 14 0.0666666666667
12175 220 15 0.0681818181818
12515 230 15 0.0652173913043
12795 240 15 0.0625
13429 250 15 0.06
13953 260 15 0.0576923076923
14502 270 16 0.0592592592593
15203 280 16 0.0571428571429
15752 290 17 0.0586206896552
16012 300 17 0.0566666666667
16337 310 18 0.058064516129
16959 320 18 0.05625
17490 330 18 0.0545454545455
18010 340 19 0.0558823529412
19250 350 19 0.0542857142857
19640 360 19 0.0527777777778
19996 370 19 0.0513513513514
20350 380 19 0.05
20904 390 19 0.0487179487179
21629 400 19 0.0475
22014 410 19 0.0463414634146
22555 420 19 0.0452380952381
23088 430 20 0.046511627907
23643 440 20 0.0454545454545
24065 450 20 0.0444444444444
24553 460 20 0.0434782608696
25094 470 21 0.0446808510638
25607 480 22 0.0458333333333
25872 490 22 0.0448979591837
26085 500 22 0.044
26634 510 22 0.043137254902
27035 520 24 0.0461538461538
27658 530 25 0.0471698113208
28010 540 27 0.05
28614 550 27 0.0490909090909
29026 560 27 0.0482142857143
29908 570 27 0.0473684210526
30400 580 27 0.0465517241379
30939 590 27 0.0457627118644
31664 600 27 0.045
32253 610 27 0.044262295082
32658 620 27 0.0435483870968
33056 630 28 0.0444444444444
33543 640 28 0.04375
34076 650 28 0.0430769230769
34540 660 30 0.0454545454545
35282 670 31 0.0462686567164
35977 680 31 0.0455882352941
36456 690 32 0.0463768115942
37109 700 32 0.0457142857143
37544 710 33 0.0464788732394
38186 720 34 0.0472222222222
38716 730 34 0.0465753424658
38945 740 35 0.0472972972973
39373 750 35 0.0466666666667
40085 760 36 0.0473684210526
40581 770 37 0.0480519480519
40966 780 37 0.0474358974359
41431 790 37 0.046835443038
41788 800 37 0.04625
42175 810 37 0.0456790123457
42735 820 38 0.0463414634146
43466 830 39 0.0469879518072
44209 840 39 0.0464285714286
44726 850 40 0.0470588235294
45161 860 40 0.046511627907
45768 870 42 0.048275862069
46326 880 42 0.0477272727273
46870 890 42 0.047191011236
47340 900 43 0.0477777777778
47798 910 43 0.0472527472527
48111 920 43 0.0467391304348
48346 930 43 0.0462365591398
48987 940 43 0.0457446808511
49684 950 43 0.0452631578947
50133 960 44 0.0458333333333
50664 970 44 0.0453608247423
51369 980 44 0.0448979591837
52102 990 44 0.0444444444444
52595 1000 45 0.045
52950 1010 45 0.0445544554455
53471 1020 45 0.0441176470588
54083 1030 45 0.0436893203883
54628 1040 45 0.0432692307692
55182 1050 45 0.0428571428571
55923 1060 45 0.0424528301887
56142 1070 45 0.0420560747664
56990 1080 45 0.0416666666667
57442 1090 45 0.0412844036697
57841 1100 46 0.0418181818182
58199 1110 48 0.0432432432432
58390 1120 48 0.0428571428571
58783 1130 48 0.0424778761062
59293 1140 50 0.0438596491228
59538 1150 50 0.0434782608696
59960 1160 51 0.0439655172414
60271 1170 51 0.0435897435897
60667 1180 53 0.0449152542373
61189 1190 54 0.0453781512605
61765 1200 56 0.0466666666667
62422 1210 59 0.0487603305785
62823 1220 59 0.0483606557377
63346 1230 62 0.050406504065
63936 1240 63 0.0508064516129
64253 1250 64 0.0512
64842 1260 65 0.0515873015873
65307 1270 65 0.0511811023622
65663 1280 66 0.0515625
66222 1290 67 0.0519379844961
66777 1300 67 0.0515384615385
67177 1310 68 0.0519083969466
67679 1320 68 0.0515151515152
68371 1330 69 0.0518796992481
68782 1340 71 0.0529850746269
69226 1350 71 0.0525925925926
69788 1360 71 0.0522058823529
70404 1370 71 0.0518248175182
71082 1380 71 0.0514492753623
71541 1390 71 0.0510791366906
72190 1400 72 0.0514285714286
72515 1410 72 0.0510638297872
73272 1420 72 0.0507042253521
73873 1430 72 0.0503496503497
74399 1440 73 0.0506944444444
75098 1450 73 0.0503448275862
75679 1460 75 0.0513698630137
76550 1470 75 0.0510204081633
76956 1480 75 0.0506756756757
77569 1490 75 0.0503355704698
77949 1500 75 0.05
78794 1510 75 0.0496688741722
79304 1520 75 0.0493421052632
79817 1530 76 0.0496732026144
80205 1540 77 0.05
80583 1550 78 0.0503225806452
81220 1560 78 0.05
81973 1570 78 0.0496815286624
82320 1580 78 0.0493670886076
